# Fix print output for fix eq1
0.1 40.6354777036966 40.6354777036966 40.6354777036966 67099.0094333471 -4522.20451813099 -13372.7986632272 88.0833413579405 -13284.7153218693 170.40319678557
0.2 40.5130497385217 40.5130497385217 40.5130497385217 66494.3601939776 3464.14432851618 -13355.4590705786 71.539635556919 -13283.9194350217 138.398276085319
0.3 40.6091043766478 40.6091043766478 40.6091043766478 66968.4479675905 -2408.95820177346 -13361.5444526946 78.5817937295667 -13282.962658965 152.021808598833
0.4 40.5335985289026 40.5335985289026 40.5335985289026 66595.5921556545 2102.64136937428 -13361.7649423603 79.6871354823725 -13282.0778068779 154.160167172825
0.5 40.5956643570448 40.5956643570448 40.5956643570448 66901.9781882258 -1629.09378698195 -13360.3349790369 79.1844978367736 -13281.1504812001 153.187780563571
0.6 40.5456076747971 40.5456076747971 40.5456076747971 66654.8017879148 1426.46538529646 -13361.4413405146 81.3164634669222 -13280.1248770477 157.312212643616
0.7 40.5897599327053 40.5897599327053 40.5897599327053 66872.7908187719 -1252.39924282865 -13361.5375549369 82.4809358450727 -13279.0566190918 159.564963421984
0.8 40.5514100862689 40.5514100862689 40.5514100862689 66683.4224420164 1131.42455505237 -13357.7728489563 79.8378135823232 -13277.935035374 154.451664174657
0.9 40.5855176744346 40.5855176744346 40.5855176744346 66851.8252845142 -867.431361098034 -13360.415799683 83.5990092536737 -13276.8167904293 161.727952247446
1 40.5577344465956 40.5577344465956 40.5577344465956 66714.6269623879 780.568962218071 -13363.1263508091 87.4468805603594 -13275.6794702487 169.171920214263
1.1 40.5833050691423 40.5833050691423 40.5833050691423 66840.8921748443 -757.268582873656 -13359.7835183841 85.2427977863088 -13274.5407205978 164.907972629078
1.2 40.5607189564818 40.5607189564818 40.5607189564818 66729.3559741544 707.620848486668 -13358.2365518244 84.856618654804 -13273.3799331696 164.160882912387
1.3 40.5826943271718 40.5826943271718 40.5826943271718 66837.8745356609 -628.953565735944 -13356.3209622093 84.0982989763919 -13272.2226632329 162.693862072865
1.4 40.5644078803386 40.5644078803386 40.5644078803386 66747.5643719328 574.576532407958 -13354.6605942719 83.6032266810475 -13271.0573675908 161.736111146684
1.5 40.5802153169611 40.5802153169611 40.5802153169611 66825.6268284762 -345.034240190227 -13355.3767082089 85.4937526304061 -13269.8829555785 165.393461792224
1.6 40.5681326251509 40.5681326251509 40.5681326251509 66765.952941122 400.922828120253 -13351.8073282366 83.094924566856 -13268.7124036698 160.75276623883
1.7 40.579651875355 40.579651875355 40.579651875355 66822.8433181797 -230.444509446333 -13352.5965911232 85.066489220462 -13267.5301019027 164.566891752969
1.8 40.5702736647562 40.5702736647562 40.5702736647562 66776.5244970244 258.613438548775 -13353.2185142579 86.8644051701457 -13266.3541090877 168.045082074257
1.9 40.5813009821025 40.5813009821025 40.5813009821025 66830.9904418055 -389.524680446631 -13356.4036910343 91.2281563697328 -13265.1755346645 176.487054675691
2 40.5735707073986 40.5735707073986 40.5735707073986 66792.8060934962 85.8533309630194 -13356.006511789 92.0149501559376 -13263.9915616331 178.009160607566
2.1 40.5816872385601 40.5816872385601 40.5816872385601 66832.8987700281 -302.345880410781 -13354.3924907378 91.5857733659867 -13262.8067173718 177.178889004941
2.2 40.5759794298102 40.5759794298102 40.5759794298102 66804.7026220196 95.2087497518085 -13353.0205078509 91.3924569117592 -13261.6280509391 176.804905215455
2.3 40.5806609130678 40.5806609130678 40.5806609130678 66827.8282139951 -57.5505276610278 -13349.6335935477 89.1976349937196 -13260.4359585539 172.558873384202
2.4 40.5768954999168 40.5768954999168 40.5768954999168 66809.2274054183 236.36704171143 -13349.5587024342 90.3169690605154 -13259.2417333736 174.724301038427
2.5 40.5817641070234 40.5817641070234 40.5817641070234 66833.2785486161 -84.2369332576844 -13350.2757641067 92.2184476137816 -13258.057316493 178.402840238922
2.6 40.5781393931212 40.5781393931212 40.5781393931212 66815.3717462197 135.330103817307 -13347.3682592079 90.5080731262613 -13256.8601860816 175.094004812373
2.7 40.5838276317474 40.5838276317474 40.5838276317474 66843.4741972128 -210.129958619594 -13347.426065819 91.7496909483156 -13255.6763748707 177.495998683203
2.8 40.57957399387 40.57957399387 40.57957399387 66822.4585746908 86.7098440719078 -13346.8546714091 92.3702792942415 -13254.4843921149 178.696568920473
2.9 40.5847731524155 40.5847731524155 40.5847731524155 66848.1462571852 -106.918874317298 -13347.2417660485 93.9421987793001 -13253.2995672692 181.73755375613
3 40.580453715584 40.580453715584 40.580453715584 66826.8045869636 226.081255204679 -13346.5567450848 94.4571047604758 -13252.0996403243 182.733674292473
3.1 40.5856875564917 40.5856875564917 40.5856875564917 66852.6647691717 -58.5520968189581 -13345.8190749222 94.908999670609 -13250.9100752516 183.607895639105
3.2 40.5820674163481 40.5820674163481 40.5820674163481 66834.7771016144 166.292445709806 -13345.6435446735 95.9256507438557 -13249.7178939296 185.574676079379
3.3 40.5868298800882 40.5868298800882 40.5868298800882 66858.3098276029 -80.6073226402085 -13342.951115187 94.4228337206738 -13248.5282814663 182.667374642058
3.4 40.5842416353849 40.5842416353849 40.5842416353849 66845.5198685097 57.2615722265095 -13345.4069738666 98.0641809405884 -13247.342792926 189.711807758624
3.5 40.5863664563215 40.5863664563215 40.5863664563215 66856.0196726863 -29.0849471099732 -13344.1059097619 97.9591295581281 -13246.1467802038 189.508578735724
3.6 40.5845838275846 40.5845838275846 40.5845838275846 66847.210737238 107.685624546931 -13342.6758570234 97.7139844530837 -13244.9618725703 189.034328906733
3.7 40.5879764726261 40.5879764726261 40.5879764726261 66863.9763015581 -100.077197582717 -13343.5120921305 99.7422068134294 -13243.7698853171 192.958062596517
3.8 40.587668134563 40.587668134563 40.587668134563 66862.4524597127 -91.1636303165933 -13343.6764724939 101.096656761312 -13242.5798157325 195.578337865904
3.9 40.5894152831191 40.5894152831191 40.5894152831191 66871.0873730737 -93.4430542577844 -13341.4189717192 100.020158488344 -13241.3988132309 193.495778959535
4 40.5881421827633 40.5881421827633 40.5881421827633 66864.7952695054 37.1156162333391 -13340.4480978253 100.229939266054 -13240.2181585593 193.901614099241
4.1 40.5893925267641 40.5893925267641 40.5893925267641 66870.974899809 47.6140995372365 -13339.6189371119 100.593448262159 -13239.0254888497 194.60484690174
4.2 40.5902610145279 40.5902610145279 40.5902610145279 66875.2674892646 70.5476224672381 -13338.0611886396 100.215946149836 -13237.8452424897 193.874543467046
4.3 40.5916511591256 40.5916511591256 40.5916511591256 66882.13880323 -19.0565941352599 -13340.672078912 104.006781311535 -13236.6652976004 201.208171143767
4.4 40.5901089022475 40.5901089022475 40.5901089022475 66874.5156455171 127.706983779127 -13339.4644219207 103.980075187522 -13235.4843467332 201.156506335922
4.5 40.5940876662044 40.5940876662044 40.5940876662044 66894.1832937905 -99.5136953489447 -13336.1465763544 101.83816682447 -13234.3084095299 197.012839364858
4.6 40.5905222836899 40.5905222836899 40.5905222836899 66876.5588747196 144.23485073833 -13336.7162458282 103.579091832665 -13233.1371539955 200.380776845282
4.7 40.5976230865797 40.5976230865797 40.5976230865797 66911.6626611055 -256.408496574966 -13337.3573850557 105.390178713823 -13231.9672063419 203.884447226626
4.8 40.5897953648622 40.5897953648622 40.5897953648622 66872.9659454017 254.832301989607 -13336.735745815 105.948095904225 -13230.7876499107 204.963775863808
4.9 40.5983748936295 40.5983748936295 40.5983748936295 66915.3800406553 -239.085474377736 -13334.7607020011 105.136860103562 -13229.6238418976 203.39438519755
5 40.5918366396036 40.5918366396036 40.5918366396036 66883.0556460343 182.692720272464 -13335.8051287617 107.352825437185 -13228.4523033245 207.681320399984
5.1 40.6006181379018 40.6006181379018 40.6006181379018 66926.4727879149 -318.425049429053 -13335.1756564334 107.884253371931 -13227.2914030615 208.709403775863
5.2 40.5908467908741 40.5908467908741 40.5908467908741 66878.1628524033 388.585628069982 -13332.5925461302 106.4619477872 -13226.130598343 205.957857175703
5.3 40.6020637451725 40.6020637451725 40.6020637451725 66933.6219037381 -267.447533412819 -13332.1902707318 107.220842947287 -13224.9694277845 207.425991323548
5.4 40.5922492987152 40.5922492987152 40.5922492987152 66885.0954785613 384.532276226173 -13329.8948722034 106.07766302591 -13223.8172091775 205.214432246649
5.5 40.604785318515 40.604785318515 40.604785318515 66947.0825721232 -444.659307244111 -13333.4523861913 110.784040406896 -13222.6683457844 214.319238429471
5.6 40.5920745649016 40.5920745649016 40.5920745649016 66884.2317394707 319.339377023623 -13333.7272286143 112.213938678849 -13221.5132899355 217.08547359792
5.7 40.6068949910913 40.6068949910913 40.6068949910913 66957.5180733556 -516.871517343045 -13332.4191342208 112.043785138293 -13220.3753490825 216.756300035609
5.8 40.5940854789128 40.5940854789128 40.5940854789128 66894.172480609 396.758930790482 -13330.6407604068 111.40918742823 -13219.2315729786 215.528627733441
5.9 40.6070515862668 40.6070515862668 40.6070515862668 66958.292715056 -418.759074351724 -13330.1199911942 112.023118891546 -13218.0968723026 216.7163197799
6 40.5957547141697 40.5957547141697 40.5957547141697 66902.4249170044 322.428499108664 -13329.1407172671 112.180180799941 -13216.9605364671 217.020166692052
6.1 40.6066455500241 40.6066455500241 40.6066455500241 66956.2841559007 -275.340523544742 -13326.6887126497 110.860149415349 -13215.8285632344 214.466476467273
6.2 40.5993451737819 40.5993451737819 40.5993451737819 66920.1778841925 279.203852270325 -13327.0820287462 112.375117613868 -13214.7069111323 217.397285177254
6.3 40.6067832597401 40.6067832597401 40.6067832597401 66956.9653667241 -217.566276455117 -13328.8671923312 115.286532098153 -13213.5806602331 223.029613920028
6.4 40.6004790958377 40.6004790958377 40.6004790958377 66925.7851952025 207.421871000408 -13325.2412651467 112.77799477098 -13212.4632703758 218.176678356773
6.5 40.607426771548 40.607426771548 40.607426771548 66960.1486979711 -167.397465626375 -13325.0917416121 113.740051917042 -13211.351689695 220.037843142896
6.6 40.6019879524641 40.6019879524641 40.6019879524641 66933.2470653274 173.536814486289 -13327.1210069335 116.880852935155 -13210.2401539984 226.113935690055
6.7 40.6088076995241 40.6088076995241 40.6088076995241 66966.9802281505 -207.489471426185 -13324.4208744619 115.288064875276 -13209.1328095866 223.032579181311
6.8 40.6024633278662 40.6024633278662 40.6024633278662 66935.5980924601 185.169404662532 -13324.1907552219 116.155731398128 -13208.0350238238 224.711138906207
6.9 40.609861395582 40.609861395582 40.609861395582 66972.1932357233 -139.212595763051 -13323.2891985173 116.345256301002 -13206.9439422163 225.077787682495
7 40.6033128621334 40.6033128621334 40.6033128621334 66939.7997050769 363.170389105815 -13320.2609566684 114.403779885 -13205.8571767834 221.321869904284
7.1 40.6100994809165 40.6100994809165 40.6100994809165 66973.3711656617 -63.8229073468059 -13320.9583939875 116.189055023442 -13204.769338964 224.775605719052
7.2 40.6065606895622 40.6065606895622 40.6065606895622 66955.864377617 103.014188890461 -13323.4342551828 119.74862633447 -13203.6856288483 231.661837794656
7.3 40.6094001784651 40.6094001784651 40.6094001784651 66969.9113980115 -47.4177483488543 -13320.3340818392 117.720942563089 -13202.6131392761 227.739146041745
7.4 40.6081332863295 40.6081332863295 40.6081332863295 66963.6438092127 63.5596547557884 -13319.7490972545 118.202344636823 -13201.5467526177 228.670450997243
7.5 40.6111606315525 40.6111606315525 40.6111606315525 66978.6213886387 -4.35457690993902 -13320.4242003405 119.9433296793 -13200.4808706612 232.038504618055
7.6 40.6087968179475 40.6087968179475 40.6087968179475 66966.9263945485 29.4763111478723 -13320.2840741617 120.855195950203 -13199.4288782115 233.802571752741
7.7 40.6131305719474 40.6131305719474 40.6131305719474 66988.3687307614 -81.4683208516633 -13317.9422775273 119.568030498343 -13198.374247029 231.31246290347
7.8 40.6100656175596 40.6100656175596 40.6100656175596 66973.2036254705 11.6368155558612 -13320.0327698145 122.703720718092 -13197.3290490964 237.378668264629
7.9 40.6137553660619 40.6137553660619 40.6137553660619 66991.4604339977 -99.586130728635 -13318.1377365221 121.844946664804 -13196.2927898573 235.717311625103
8 40.6110882823363 40.6110882823363 40.6110882823363 66978.2634198894 101.679971797653 -13316.4354210814 121.17688566796 -13195.2585354135 234.424902325512
8.1 40.6139786846055 40.6139786846055 40.6139786846055 66992.5655165618 -25.0633335257371 -13317.5929030531 123.361539375116 -13194.231363678 238.651263063306
8.2 40.613358528193 40.613358528193 40.613358528193 66989.4967282242 -5.87080960590096 -13319.373497345 126.162093039681 -13193.2114043054 244.069124032862
8.3 40.6163320999962 40.6163320999962 40.6163320999962 67004.2120340319 -100.18253937028 -13316.2599228152 124.060683688083 -13192.1992391272 240.003805145695
8.4 40.61455349907 40.61455349907 40.61455349907 66995.4100180317 24.8605087261997 -13317.9562219037 126.767904137014 -13191.1883177666 245.241106680686
8.5 40.6189092821921 40.6189092821921 40.6189092821921 67016.967470868 -241.432546527495 -13317.5644394512 127.375673921836 -13190.1887655293 246.416878542274
8.6 40.6156834807457 40.6156834807457 40.6156834807457 67001.0020301606 33.7610863447426 -13315.7185121251 126.52474916267 -13189.1937629624 244.770706894487
8.7 40.6189408617938 40.6189408617938 40.6189408617938 67017.1237801451 -152.487094334759 -13315.8750623821 127.664165258267 -13188.2108971238 246.974984595188
8.8 40.616777527905 40.616777527905 40.616777527905 67006.4165073421 82.7581933344553 -13314.8506480686 127.617354661609 -13187.233293407 246.884426321727
8.9 40.6188051799522 40.6188051799522 40.6188051799522 67016.4521986458 2.23864636873567 -13312.7087123899 126.449525762544 -13186.2591866274 244.625182126045
9 40.6182281762191 40.6182281762191 40.6182281762191 67013.5962657626 48.343002454585 -13314.1617562303 128.868389519869 -13185.2933667104 249.304638087668
9.1 40.6199885839144 40.6199885839144 40.6199885839144 67022.3098189263 -35.3356240168319 -13312.3877350164 128.052264272553 -13184.3354707438 247.725788455307
9.2 40.6200679958646 40.6200679958646 40.6200679958646 67022.7029049111 61.741745504344 -13310.588446066 127.204956369145 -13183.3834896968 246.08661386024
9.3 40.6198788017944 40.6198788017944 40.6198788017944 67021.7664043446 104.423228540718 -13311.1960282336 128.75499174359 -13182.4410364901 249.085262399956
9.4 40.6229555376067 40.6229555376067 40.6229555376067 67036.9971653316 -69.6225129126455 -13309.7526124832 128.243139989649 -13181.5094724935 248.095050473305
9.5 40.6208892654945 40.6208892654945 40.6208892654945 67026.768246947 115.290086997866 -13310.3922816987 129.813008153249 -13180.5792735454 251.132066888501
9.6 40.6224262172499 40.6224262172499 40.6224262172499 67034.3767071869 32.8710910494563 -13309.8057107489 130.151820888414 -13179.6538898605 251.787523099558
9.7 40.6222264969496 40.6222264969496 40.6222264969496 67033.3879878064 52.2069467341865 -13309.4469724301 130.700299582411 -13178.7466728477 252.848592325419
9.8 40.6239783914215 40.6239783914215 40.6239783914215 67042.061108162 -6.02528288828151 -13308.4992907738 130.655106702457 -13177.8441840714 252.761163634619
9.9 40.6224743696665 40.6224743696665 40.6224743696665 67034.6150881523 130.038755597749 -13307.3636697662 130.413579594446 -13176.9500901718 252.293913066226
10 40.6255308846055 40.6255308846055 40.6255308846055 67049.7476759017 23.34044400632 -13307.5570192271 131.500716951348 -13176.0563022758 254.397054001905
10.1 40.623864386156 40.623864386156 40.623864386156 67041.4966784706 53.5883825095329 -13308.4189903915 133.247595881901 -13175.1713945096 257.776509748865
10.2 40.6264997043059 40.6264997043059 40.6264997043059 67054.5447085194 -69.9257959727189 -13306.1010283351 131.797465580172 -13174.303562755 254.97113434688
10.3 40.625628830139 40.625628830139 40.625628830139 67050.2326349164 -52.4684398009483 -13308.1011552532 134.658473271558 -13173.4426819817 260.505947730708
10.4 40.6253180656919 40.6253180656919 40.6253180656919 67048.6939508627 -32.0485177237977 -13307.0798928823 134.495949984479 -13172.5839428978 260.191535411155
10.5 40.6267705735378 40.6267705735378 40.6267705735378 67055.885936603 -5.32317346369085 -13305.7891163808 134.05513495578 -13171.7339814251 259.338748846483
10.6 40.6266017632006 40.6266017632006 40.6266017632006 67055.0500582266 52.7584865220424 -13307.1589786629 136.261843799041 -13170.8971348638 263.607776740629
10.7 40.6287939324339 40.6287939324339 40.6287939324339 67065.9053065014 -92.6597803932549 -13306.5842388163 136.519291057405 -13170.0649477589 264.105825919424
10.8 40.6276449032228 40.6276449032228 40.6276449032228 67060.2153636704 -87.4126165441021 -13306.2330738849 136.990123266943 -13169.242950618 265.016682755893
10.9 40.6273485029845 40.6273485029845 40.6273485029845 67058.7476547606 137.357849724573 -13302.2802575331 133.849547252138 -13168.430710281 258.941025492893
11 40.6294272605086 40.6294272605086 40.6294272605086 67069.0416572529 14.6612583888997 -13303.4190752677 135.793036695819 -13167.6260385718 262.700837609651
11.1 40.6298222510448 40.6298222510448 40.6298222510448 67070.9977685783 -28.629624260534 -13304.3508074037 137.520365868473 -13166.8304415353 266.042473024289
11.2 40.6306206290522 40.6306206290522 40.6306206290522 67074.951691496 -21.996423789921 -13303.3961448424 137.354414451372 -13166.0417303911 265.721428754746
11.3 40.6294257879827 40.6294257879827 40.6294257879827 67069.034364935 12.5275399916151 -13302.3586259827 137.094204722135 -13165.2644212605 265.218035388723
11.4 40.6310486502409 40.6310486502409 40.6310486502409 67077.0715067403 -37.489716139549 -13302.8782475203 138.383867847592 -13164.4943796727 267.712976156936
11.5 40.6297243030383 40.6297243030383 40.6297243030383 67070.5126971956 98.0903051366298 -13302.0329334477 138.301264515929 -13163.7316689318 267.553174410505
11.6 40.6323481454542 40.6323481454542 40.6323481454542 67083.5076527981 -83.9243347190221 -13302.0474710339 139.070253643155 -13162.9772173907 269.040836022252
11.7 40.6304011737068 40.6304011737068 40.6304011737068 67073.8648355519 75.3371227807114 -13301.3551662228 139.117527305796 -13162.237638917 269.132290128258
11.8 40.6332866516972 40.6332866516972 40.6332866516972 67088.1561470004 -124.607397693025 -13304.2335624693 142.727799851339 -13161.5057626179 276.116607180078
11.9 40.6328327825703 40.6328327825703 40.6328327825703 67085.9080712044 -120.047711888645 -13302.5237922786 141.744450610748 -13160.7793416678 274.214251393274
12 40.6327272193028 40.6327272193028 40.6327272193028 67085.3852091169 -62.0647194028485 -13301.1586001004 141.096612095167 -13160.0619880052 272.960963854973
12.1 40.6333212230552 40.6333212230552 40.6333212230552 67088.3273857182 58.4113367717083 -13297.2736189915 137.914459971139 -13159.3591590204 266.804874789404
12.2 40.6331002806079 40.6331002806079 40.6331002806079 67087.2330194548 23.0010432321884 -13298.8184315221 140.156420924174 -13158.662010598 271.142100280354
12.3 40.6353981098515 40.6353981098515 40.6353981098515 67098.6151480079 -72.1759522289252 -13298.5781379861 140.604141606865 -13157.9739963792 272.008246300944
12.4 40.6314573025695 40.6314573025695 40.6314573025695 67079.0954375571 154.836137049812 -13299.6805709343 142.387669667552 -13157.2929012667 275.458602275326
12.5 40.6359092783142 40.6359092783142 40.6359092783142 67101.1473585197 -92.7524282592833 -13299.9482466612 143.330267026328 -13156.6179796348 277.282120783376
12.6 40.6333478860927 40.6333478860927 40.6333478860927 67088.4594531724 115.920958098602 -13299.1194696915 143.1603048872 -13155.9591648043 276.953317500105
12.7 40.6347717055503 40.6347717055503 40.6347717055503 67095.5121726337 18.4405701213824 -13296.9091397791 141.599492183862 -13155.3096475952 273.933819486837
12.8 40.63609869591 40.63609869591 40.63609869591 67102.0857057216 -45.1680249231923 -13298.0108074143 143.340202860381 -13154.6706045539 277.3013423281
12.9 40.6360914499786 40.6360914499786 40.6360914499786 67102.049810271 -118.783815103597 -13298.8487562127 144.815268760613 -13154.0334874521 280.154957336272
13 40.6362086951033 40.6362086951033 40.6362086951033 67102.6306297311 36.5054876594823 -13298.5468207759 145.142906407029 -13153.4039143689 280.788794580361
13.1 40.6375813928529 40.6375813928529 40.6375813928529 67109.4310728283 14.8631834609264 -13296.9259206518 144.133784774786 -13152.792135877 278.83658035428
13.2 40.6376534424078 40.6376534424078 40.6376534424078 67109.7880241804 -16.4031223994244 -13295.9507254153 143.762631699834 -13152.1880937154 278.118559562907
13.3 40.6362542379452 40.6362542379452 40.6362542379452 67102.8562448672 137.174134122301 -13295.2431315192 143.657177115073 -13151.5859544041 277.914550517816
13.4 40.63962432311 40.63962432311 40.63962432311 67119.552746533 -115.988215948699 -13296.2580499529 145.264429160535 -13150.9936207924 281.023888587473
13.5 40.6362212733359 40.6362212733359 40.6362212733359 67102.6929411119 204.636434294591 -13294.7736192076 144.360236305187 -13150.4133829024 279.274666195513
13.6 40.6410290479984 40.6410290479984 40.6410290479984 67126.5130297659 -193.906764930539 -13294.8640194601 145.021875197653 -13149.8421442624 280.554651498702
13.7 40.6365609335888 40.6365609335888 40.6365609335888 67104.3756006295 128.563113579735 -13294.3584159161 145.074093936 -13149.2843219801 280.655672188984
13.8 40.6405861238162 40.6405861238162 40.6405861238162 67124.3183290497 -136.057716415227 -13295.0711761613 146.339775091426 -13148.7314010699 283.104218209956
13.9 40.6372580235047 40.6372580235047 40.6372580235047 67107.829036519 117.411652539823 -13293.428417739 145.238345136327 -13148.1900726026 280.973427273885
14 40.6417051743002 40.6417051743002 40.6417051743002 67129.8633452337 -180.846411914151 -13295.7569255527 148.102312086536 -13147.6546134662 286.513965544575
14.1 40.6386513772778 40.6386513772778 40.6386513772778 67114.7321710392 135.312045963219 -13293.4732061555 146.345898182973 -13147.1273079725 283.116063745759
14.2 40.6415047065938 40.6415047065938 40.6415047065938 67128.8699836141 -56.8989700827127 -13292.046090762 145.431653643488 -13146.6144371185 281.347395689232
14.3 40.6386918191779 40.6386918191779 40.6386918191779 67114.9325406312 31.319950355888 -13295.7480358375 149.639167896246 -13146.1088679413 289.487117322602
14.4 40.6437610805925 40.6437610805925 40.6437610805925 67140.051379139 -183.108637820359 -13292.4401796551 146.828601146179 -13145.6115785089 284.049885360155
14.5 40.6378132812689 40.6378132812689 40.6378132812689 67110.5799100327 133.94298473314 -13293.8883206255 148.772015607426 -13145.116305018 287.809552418311
14.6 40.6462582031484 40.6462582031484 40.6462582031484 67152.4272444511 -266.229027577828 -13292.3601895072 147.721959725372 -13144.6382297819 285.778148110222
14.7 40.6389038991752 40.6389038991752 40.6389038991752 67115.9832985436 116.918106734904 -13292.6238017616 148.453747959438 -13144.1700538021 287.19384207156
14.8 40.6455076222381 40.6455076222381 40.6455076222381 67148.7071677612 -270.84465361276 -13291.8837950387 148.178234800716 -13143.705560238 286.660843183473
14.9 40.6389979547049 40.6389979547049 40.6389979547049 67116.4493035313 182.308150372189 -13293.4611588649 150.21312612327 -13143.2480327417 290.597478432871
15 40.6451848244998 40.6451848244998 40.6451848244998 67147.1073393965 -129.269606966695 -13290.6927450224 147.884371332296 -13142.8083736901 286.092344376942
15.1 40.6388604282207 40.6388604282207 40.6388604282207 67115.7679192549 318.009601443976 -13289.3674888838 146.991639637498 -13142.3758492463 284.365294377247
15.2 40.6456331631068 40.6456331631068 40.6456331631068 67149.3293718052 -190.902906016755 -13292.2037814799 150.256033319341 -13141.9477481606 290.680485313206
15.3 40.6415105190387 40.6415105190387 40.6415105190387 67128.8987854204 -37.9753109125672 -13294.0962404075 152.56839019958 -13141.5278502079 295.153896498876
15.4 40.6450126505724 40.6450126505724 40.6450126505724 67146.2540329895 2.39838069811131 -13289.1486129186 148.034182826017 -13141.1144300926 286.382164870258
15.5 40.6394641862099 40.6394641862099 40.6394641862099 67118.7593134041 348.633878846839 -13287.3045638273 146.590522866934 -13140.7140409604 283.589306784874
15.6 40.6463300546816 40.6463300546816 40.6463300546816 67152.7833667801 -41.1188055041537 -13287.6390632153 147.319821872401 -13140.3192413429 285.000185164693
15.7 40.6413640111565 40.6413640111565 40.6413640111565 67128.1728125999 155.708554509403 -13289.7468456427 149.814358493705 -13139.932487149 289.826035413056
15.8 40.6477184535675 40.6477184535675 40.6477184535675 67159.6650238136 -171.092533693561 -13289.8977218882 150.340684121134 -13139.5570377671 290.844248029442
15.9 40.6423838997708 40.6423838997708 40.6423838997708 67133.226652123 100.804490368657 -13291.2114306163 152.029507295067 -13139.1819233212 294.111390978463
16 40.6454451064012 40.6454451064012 40.6454451064012 67148.3973290058 -39.9348836925416 -13289.359677198 150.539178843248 -13138.8204983548 291.228249529294
16.1 40.6448011372279 40.6448011372279 40.6448011372279 67145.2057674884 -53.2879515035649 -13290.9980696087 152.530468418537 -13138.4676011902 295.080534241973
16.2 40.6457683907527 40.6457683907527 40.6457683907527 67149.9995896294 45.1105641725365 -13288.7759845241 150.650793055616 -13138.1251914685 291.444174791675
16.3 40.6437927583787 40.6437927583787 40.6437927583787 67140.208366322 148.889523245162 -13288.3789036001 150.591612244278 -13137.7872913558 291.329685499093
16.4 40.6455444712958 40.6455444712958 40.6455444712958 67148.8897981899 151.023446817373 -13285.8019778601 148.348186171256 -13137.4537916888 286.989625634179
16.5 40.6453053634125 40.6453053634125 40.6453053634125 67147.7047432478 22.8169455420948 -13288.7038880738 151.574753308586 -13137.1291347653 293.23163855476
16.6 40.6457415401936 40.6457415401936 40.6457415401936 67149.8665120243 124.270230101624 -13286.6626373562 149.840675789688 -13136.8219615665 289.876948006711
16.7 40.6444818137898 40.6444818137898 40.6444818137898 67143.6232130968 2.90807184922627 -13288.6293187013 152.116687746189 -13136.5126309551 294.280047472862
16.8 40.647595814453 40.647595814453 40.647595814453 67159.057138994 -174.860913944324 -13289.9427851649 153.732231572076 -13136.2105535929 297.405426554016
16.9 40.6457837463197 40.6457837463197 40.6457837463197 67150.0756954643 18.3342075353859 -13290.2889292515 154.367004161217 -13135.9219250903 298.633437171619
17 40.6488877702091 40.6488877702091 40.6488877702091 67165.4611552625 -149.374462162721 -13288.79421636 153.1546972314 -13135.6395191286 296.288147209394
17.1 40.6462613798964 40.6462613798964 40.6462613798964 67152.4429895425 111.347532244606 -13288.4092636909 153.044206362234 -13135.3650573287 296.074395130608
17.2 40.6485702420995 40.6485702420995 40.6485702420995 67163.8871819151 -50.975327192563 -13288.3735435902 153.270550326548 -13135.1029932636 296.512272877952
17.3 40.6466809424872 40.6466809424872 40.6466809424872 67154.522512443 84.0555831474617 -13286.7271084075 151.884021613811 -13134.8430867937 293.829939062694
17.4 40.6475944719661 40.6475944719661 40.6475944719661 67159.0504847148 124.897974070414 -13283.8737443467 149.283631534519 -13134.5901128122 288.799308121933
17.5 40.6478345384706 40.6478345384706 40.6478345384706 67160.2404247783 -18.1710053406542 -13285.729263508 151.380736551359 -13134.3485269567 292.856299981636
17.6 40.6471193375551 40.6471193375551 40.6471193375551 67156.6954226271 -106.971048319333 -13289.5632671079 155.447646550057 -13134.1156205579 300.724013151156
17.7 40.6475618437584 40.6475618437584 40.6475618437584 67158.888757234 81.6054225957289 -13285.616206733 151.724709673486 -13133.8914970596 293.521739311197
17.8 40.6459769273767 40.6459769273767 40.6459769273767 67151.0331515439 145.307349695533 -13284.8977992667 151.226227794885 -13133.6715714718 292.557392315003
17.9 40.6494362944672 40.6494362944672 40.6494362944672 67168.1802246336 -205.790098839594 -13287.4445936248 153.986113668798 -13133.458479956 297.896578685862
18 40.6466474172983 40.6466474172983 40.6466474172983 67154.3563463889 66.6417194175898 -13287.0402151797 153.785086095904 -13133.2551290838 297.507677214425
18.1 40.6483384399173 40.6483384399173 40.6483384399173 67162.7381638753 -11.8791297697027 -13285.2925692181 152.23281061846 -13133.0597585997 294.504695043558
18.2 40.6479489174946 40.6479489174946 40.6479489174946 67160.8073733837 -168.775029736442 -13289.343211262 156.472051626209 -13132.8711596358 302.70579423585
18.3 40.6483844957521 40.6483844957521 40.6483844957521 67162.9664565632 30.9215200656505 -13285.7098883451 153.023572074643 -13132.6863162705 296.034476702054
18.4 40.6470712299147 40.6470712299147 40.6470712299147 67156.4569742656 132.752811173197 -13285.3972587425 152.885747563488 -13132.511511179 295.767845839349
18.5 40.6492031134626 40.6492031134626 40.6492031134626 67167.0243227082 -38.5965146772884 -13285.9825863937 153.634562517469 -13132.3480238763 297.216479144943
18.6 40.6465999603256 40.6465999603256 40.6465999603256 67154.1211285588 78.5778612954941 -13285.6488825589 153.462494505718 -13132.1863880531 296.883601908284
18.7 40.6511274475097 40.6511274475097 40.6511274475097 67176.5638389146 -100.532185639628 -13285.358383393 153.331023012473 -13132.0273603805 296.629261389525
18.8 40.6449680270555 40.6449680270555 40.6449680270555 67146.0328767996 138.392456439593 -13286.9050258044 155.031536885722 -13131.8734889187 299.919020789117
18.9 40.650732099101 40.650732099101 40.650732099101 67174.6039014418 -174.678936290962 -13286.8044173225 155.072956791762 -13131.7314605308 299.999150406035
19 40.6458248890979 40.6458248890979 40.6458248890979 67150.2796091209 131.338817931953 -13285.6362862538 154.039636524035 -13131.5966497297 298.000122278702
19.1 40.6499008955402 40.6499008955402 40.6499008955402 67170.4833388803 -67.2012621557505 -13284.4332457132 152.960923384106 -13131.4723223291 295.913278562003
19.2 40.6473135877237 40.6473135877237 40.6473135877237 67157.6582408019 23.2399357007532 -13287.3971115128 156.049683186257 -13131.3474283265 301.888693847971
19.3 40.6480640058032 40.6480640058032 40.6480640058032 67161.3778409585 -7.09585537102229 -13284.8081316963 153.575536370595 -13131.2325953257 297.102289061255
19.4 40.6494290570427 40.6494290570427 40.6494290570427 67168.1443477859 -95.4792026887063 -13286.6260212192 155.507375532197 -13131.118645687 300.839562917327
19.5 40.6475613452401 40.6475613452401 40.6475613452401 67158.8862862418 19.312782468051 -13285.6906030563 154.67066748778 -13131.0199355685 299.220894468257
19.6 40.647905878255 40.647905878255 40.647905878255 67160.5940381161 36.2341461835386 -13285.9871792814 155.05807403621 -13130.9291052451 299.970358706221
19.7 40.6496676533368 40.6496676533368 40.6496676533368 67169.3271071577 -51.0366818385937 -13285.323589146 154.482854969322 -13130.8407341767 298.857558415739
19.8 40.6473213276939 40.6473213276939 40.6473213276939 67157.6966048407 127.920279728705 -13283.798556839 153.037773782662 -13130.7607830563 296.061950869234
19.9 40.6502225243494 40.6502225243494 40.6502225243494 67172.0777437637 -14.5816609382961 -13285.9644666651 155.282524664284 -13130.6819420008 300.404573666219
20 40.6499957953366 40.6499957953366 40.6499957953366 67170.9537813609 -112.721750903603 -13286.6398646178 156.030024583636 -13130.6098400342 301.850662948152
20.1 40.690239291174 40.639963721799 40.6305065063328 67188.6309337392 -258.772187681206 -13283.809729015 153.312825045562 -13130.4969039694 296.594056188531
20.2 40.7308892869693 40.6192569928806 40.6074246369837 67183.2972090029 -191.80103685835 -13285.681354663 155.334371558914 -13130.3469831041 300.504874999617
20.3 40.7715392827646 40.6055240984837 40.6133332035454 67237.3924490782 -887.263889631043 -13285.5929043724 155.423741783409 -13130.169162589 300.677767759095
20.4 40.81218927856 40.5799741058819 40.5836500588602 67212.9198365908 -641.929527083075 -13285.6821473939 155.722565332967 -13129.9595820609 301.255862178931
20.5 40.8528392743553 40.5807444828305 40.581823839401 67278.1153176024 -1413.8424250063 -13285.1523639436 155.434226485788 -13129.7181374578 300.698051126814
20.6 40.8934892701507 40.5532334403024 40.5578092901317 67259.5790710472 -1099.25904096037 -13283.8034938859 154.354246898695 -13129.4492469872 298.608757382201
20.7 40.934139265946 40.5457641696311 40.5474785865765 67296.8917581161 -1551.73436772998 -13283.246582013 154.090542286292 -13129.1560397267 298.098602927706
20.8 40.9747892617413 40.5219779786775 40.5364420899964 67305.877779346 -1588.77927300657 -13282.357069397 153.521759590346 -13128.8353098067 296.998254233262
20.9 41.0154392575367 40.5125815502497 40.519788188907 67329.3546459697 -1850.65378258269 -13282.5854559625 154.102294645636 -13128.4831613169 298.121338663783
21 41.056089253332 40.5048304317476 40.4992175728004 67348.9811496668 -2102.81885034276 -13283.0859199393 154.980663120617 -13128.1052568186 299.820602040773
21.1 41.0967392491273 40.4822459191439 40.4868846854449 67357.5565472649 -2240.65811106243 -13282.3579944497 154.667481254488 -13127.6905131952 299.214730483894
21.2 41.1373892449227 40.4736366782651 40.4762438313764 67392.1261811452 -2607.2693827319 -13282.13511043 154.883213632373 -13127.2518967976 299.632079397719
21.3 41.178039240718 40.4585650199937 40.4541693713703 67396.8232817216 -2671.94819273076 -13281.279628772 154.497065187939 -13126.7825635841 298.885049047247
21.4 41.2186892365133 40.4536818819782 40.4313279959319 67417.1265715046 -2867.69262367957 -13278.3172339875 152.026153799765 -13126.2910801877 294.1049034144
21.5 41.2593392323087 40.4470916401507 40.4151192161629 67445.5703621006 -3253.50029229818 -13278.9008899689 153.14050578603 -13125.7603841829 296.260692896003
21.6 41.299989228104 40.4185837971126 40.4019953422304 67442.5286466095 -3298.39006951841 -13281.656868521 156.451450639329 -13125.2054178817 302.665940229777
21.7 41.3406392238994 40.3987590287039 40.4140185343849 67495.877594576 -3913.09941495859 -13281.944979251 157.328905806814 -13124.6160734442 304.363436751485
21.8 41.3812892196947 40.3750540895385 40.3964446274248 67493.240121613 -3888.15648883758 -13280.9411275618 156.935944740007 -13124.0051828218 303.603226921069
21.9 41.42193921549 40.3769695185147 40.3715910642822 67521.1783064754 -4106.20726880261 -13279.2948489341 155.931490628426 -13123.3633583057 301.660042330214
22 41.4625892112854 40.3688958451973 40.3492611129326 67536.550696179 -4221.34478894376 -13277.7114352356 155.006155569167 -13122.7052796665 299.869918911136
22.1 41.5032392070807 40.3439988963353 40.3446438238451 67553.3393765583 -4507.78120353703 -13277.8387778994 155.825155871655 -13122.0136220278 301.454330532683
22.2 41.543889202876 40.3226332644154 40.3411164750897 67577.7846844672 -4771.21219636269 -13275.6049090453 154.310234157369 -13121.2946748879 298.523611749604
22.3 41.5845391986714 40.3106233736907 40.3185674256913 67585.9620730945 -4698.53080811837 -13273.8369793751 153.289227554945 -13120.5477518202 296.548405242789
22.4 41.6251891944667 40.3134977018764 40.3001931218896 67626.0199174642 -5218.1703421682 -13273.7136661025 153.939939321307 -13119.7737267812 297.80725127956
22.5 41.6658391902621 40.3014696030332 40.2702997264163 67621.6678923489 -5317.6472416442 -13278.1583768455 159.186270421452 -13118.9721064241 307.956634546339
22.6 41.7064891860574 40.2880985453162 40.2673191529985 67660.1755811969 -5603.28024763846 -13271.8339740586 153.688738323196 -13118.1452357354 297.321285914782
22.7 41.7471391818527 40.2593883646812 40.2631496927429 67670.8510263182 -5667.40986726294 -13271.651670976 154.371948976782 -13117.2797219992 298.643003252639
22.8 41.7877891776481 40.2471928286799 40.2496190605166 67693.4679791889 -5975.02319572824 -13272.5569179887 156.158078459672 -13116.398839529 302.098391854674
22.9 41.8284391734434 40.2451595417315 40.2301627621695 67723.1425170625 -6249.97679230548 -13268.2638021127 152.777859722958 -13115.4859423897 295.559129495972
23 41.8690891692387 40.2276377271733 40.2090037557493 67723.8059296352 -6261.35199624202 -13269.7332159091 155.17429666108 -13114.558919248 300.195199255084
23.1 41.9097391650341 40.203837260928 40.2091507370417 67749.6981608794 -6583.07751695779 -13269.347449162 155.743743773997 -13113.6037053881 301.296833309213
23.2 41.9503891608294 40.1888488970912 40.1945167550224 67765.4572063268 -6610.12781310573 -13266.4947673556 153.879174406351 -13112.6155929493 297.68969743111
23.3 41.9910391566247 40.1803703657355 40.1776271503093 67788.3154963853 -6972.59618578675 -13266.2553449745 154.658712965693 -13111.5966320088 299.197767634643
23.4 42.0316891524201 40.1660883702261 40.1665898072478 67811.186632845 -7110.7446000061 -13263.9192352399 153.366154650061 -13110.5530805898 296.697225924713
23.5 42.0723391482154 40.144969642238 40.1746113684725 67854.6284556083 -7645.384648419 -13263.5732893042 154.081628277654 -13109.4916610266 298.081358173536
23.6 42.1129891440108 40.1157082232748 40.1487583524888 67827.0066243294 -7453.37890510027 -13264.6413012104 156.239849373291 -13108.4014518371 302.256583231952
23.7 42.1536391398061 40.1322211076 40.1229867700253 67876.8257340186 -7926.7334691401 -13261.7202245207 154.434830656882 -13107.2853938639 298.764652126795
23.8 42.1942891356014 40.129692675448 40.0905083786602 67883.0069828802 -8008.58552160941 -13261.5522860882 155.417832175558 -13106.1344539127 300.666335221978
23.9 42.2349391313968 40.0963337738284 40.0956098349766 67900.5606786743 -8161.95373811864 -13259.3245307431 154.352742888791 -13104.9717878543 298.605847773056
24 42.2755891271921 40.0662807293528 40.1050662308393 67930.9887525534 -8473.48738415359 -13256.9214188137 153.152232874447 -13103.7691859393 296.28337974376
24.1 42.3162391229874 40.0614213748904 40.076584787932 67939.7777214131 -8547.3436526191 -13256.4980915751 153.949730465529 -13102.5483611096 297.826192911994
24.2 42.3568891187828 40.0744345246386 40.0466659177488 67976.3472394711 -8829.86009153676 -13253.3833913498 152.082956588304 -13101.3004347615 294.214792260624
24.3 42.3975391145781 40.0520889025179 40.0278655094713 67971.7189350543 -8955.33676540892 -13255.4913945323 155.463155674938 -13100.0282388573 300.754016604912
24.4 42.4381891103735 40.0300020431121 40.0360130504405 68013.2108705524 -9370.63563961545 -13254.6214194336 155.885385646546 -13098.736033787 301.570849116389
24.5 42.4788391061688 40.0037374660897 40.0303966441184 68024.1464907616 -9436.617764591 -13251.5414235556 154.12270789831 -13097.4187156573 298.160829485303
24.6 42.5194891019641 40.0015548850323 40.0059320033399 68043.9165020665 -9506.3966834349 -13248.0824926599 152.008329793294 -13096.0741628666 294.070421665236
24.7 42.5601390977595 40.0124607734899 39.9697951478131 68065.9989195075 -9800.82530312427 -13248.4617136139 153.753213096732 -13094.7085005172 297.44601673622
24.8 42.6007890935548 40.0098753617714 39.9490348586475 68091.2228273908 -10083.569693643 -13248.0070709245 154.696978602943 -13093.3100923215 299.271795104695
24.9 42.6414390893501 39.9761783514737 39.9444071513454 68090.9050758112 -10018.911128241 -13244.7384399631 152.836887402793 -13091.9015525603 295.673322545278
25 42.6820890851455 39.9527590283215 39.9566055654252 68136.6896949539 -10584.1824755189 -13244.8972495216 154.43654054261 -13090.460708979 298.767960016684
25.1 42.7227390809408 39.9210287821326 39.9437536833371 68125.4977592059 -10260.3468490655 -13241.0946330653 152.091504868502 -13089.0031281968 294.231329488327
25.2 42.7633890767361 39.9190462719602 39.9297859492035 68163.087732005 -10918.7490339964 -13242.1286696736 154.613331032208 -13087.5153386414 299.109973206969
25.3 42.8040390725315 39.9222762480746 39.9061372115431 68192.9909081172 -11062.185343494 -13239.7432031421 153.742275320558 -13086.0009278215 297.424856866522
25.4 42.8446890683268 39.9057519355747 39.8841413609133 68191.8920945435 -11166.8867697581 -13240.8752597329 156.404379007082 -13084.4708807258 302.574876965269
25.5 42.8853390641221 39.8793687486514 39.8921699991803 68225.194810355 -11435.8538629081 -13238.1953639822 155.283403578157 -13082.911960404 300.406273984706
25.6 42.9259890599175 39.8580041483757 39.8839915676261 68239.2860406084 -11424.2554236189 -13233.4932376181 152.165599699147 -13081.327637919 294.374670962577
25.7 42.9666390557128 39.8667634942304 39.8541075819539 68267.7284143078 -11816.3289135686 -13233.7409230828 154.021904915689 -13079.7190181671 297.965819279976
25.8 43.0072890515082 39.8610908286594 39.8286625342329 68278.9713987729 -11921.0775116725 -13231.9588069168 153.877738058271 -13078.0810688586 297.686918718351
25.9 43.0479390473035 39.8324249944407 39.8278070526843 68292.8922290208 -12062.4539971253 -13231.4619107748 155.032962126577 -13076.4289486483 299.921778014197
26 43.0885890430988 39.8145030659774 39.8404128011023 68348.2504821586 -12496.004216282 -13226.1153197399 151.364963005585 -13074.7503567343 292.825784987732
26.1 43.1292390388942 39.7925649263479 39.8106202396044 68323.9038781801 -12232.098106177 -13226.0380947022 152.987022705587 -13073.0510719966 295.963769469203
26.2 43.1698890346895 39.7940412365358 39.8080208664442 68386.3719893502 -12931.3941246474 -13226.5100923258 155.187484977749 -13071.3226073481 300.220712947979
26.3 43.2105390304848 39.7669737600858 39.7878853591661 68369.6071752111 -12580.4998804804 -13221.8887470619 152.316257835951 -13069.572489226 294.666129344347
26.4 43.2511890262802 39.7636877987811 39.7774122186249 68410.2586679592 -13138.2465265755 -13221.2966539774 153.49265428588 -13067.8039996916 296.941948048142
26.5 43.2918390220755 39.7815578308093 39.7460018613584 68451.2320454087 -13550.1602781176 -13222.2903654581 156.27481420657 -13066.0155512516 302.324225072895
26.6 43.3324890178709 39.774577136355 39.7041983418281 68431.4336240588 -13260.9434528213 -13217.9749590311 153.78949816281 -13064.1854608683 297.516212657037
26.7 43.3731390136662 39.7531545371217 39.7250976975439 68494.7721188425 -13966.9265982786 -13217.3748423918 155.025552501148 -13062.3492898906 299.907443591358
26.8 43.4137890094615 39.6970681299828 39.7309343362068 68472.2978008973 -13567.0620696367 -13214.9580052907 154.485233712849 -13060.4727715779 298.862160256394
26.9 43.4544390052569 39.697056909629 39.7347509398163 68542.9753599541 -14516.6425621126 -13214.8337391714 156.253664590592 -13058.5800745808 302.283309706629
27 43.4950890010522 39.6944159380827 39.6830414040382 68513.2532946021 -13984.7599512816 -13210.977386869 154.307672190652 -13056.6697146784 298.518655451262
27.1 43.5357389968475 39.7074822095972 39.6704633772679 68578.1150937711 -14692.5313840835 -13209.0934420512 154.368803684639 -13054.7246383666 298.636918471706
27.2 43.5763889926429 39.6851429027008 39.6578798884738 68581.7686144453 -14814.5736271893 -13210.5186470467 157.754791064382 -13052.7638559823 305.187340661516
27.3 43.6170389884382 39.643651823905 39.6633552244094 68583.4427778269 -14484.4741473208 -13203.7106865856 152.926461208106 -13050.7842253775 295.846609145653
27.4 43.6576889842335 39.640699866273 39.6739113281377 68660.5178189895 -15457.6841998431 -13203.0726719394 154.305680773561 -13048.7669911659 298.514802919862
27.5 43.6983389800289 39.6245123534106 39.6192731499967 68601.776708644 -14848.3478724283 -13202.6206302224 155.885897071106 -13046.7347331513 301.57183850188
27.6 43.7389889758242 39.6484471576414 39.6167419387117 68702.6801135963 -15718.5936899258 -13196.1855874097 151.501917852188 -13044.6836695576 293.090733425389
27.7 43.7796389716196 39.6130970686403 39.5974812563215 68671.8165693362 -15477.8712976371 -13196.0139638019 153.417726785488 -13042.5962370165 296.796995717801
27.8 43.8202889674149 39.5890258368094 39.6066544339391 68709.7251924351 -15717.8625562568 -13193.8334657124 153.345272310911 -13040.4881934015 296.656827623598
27.9 43.8609389632102 39.5751250591973 39.5956941320867 68730.2907946828 -15951.0874378034 -13192.9432090151 154.583820046275 -13038.3593889688 299.052882203542
28 43.9015889590056 39.5814595342811 39.5716264438761 68763.1786726849 -16309.9106054031 -13192.312508179 156.097638605535 -13036.2148695734 301.98146685842
28.1 43.9422389548009 39.5850001371836 39.5478638214422 68791.6715280398 -16508.2759285094 -13189.4481227891 155.410102689995 -13034.0380200991 300.65138200802
28.2 43.9828889505962 39.5531704940266 39.5397233787118 68785.7821470502 -16302.4358803852 -13185.9126561435 154.072295064394 -13031.8403610791 298.063302439601
28.3 44.0235389463916 39.5418061624787 39.5541213704752 68854.637493646 -17039.900200836 -13182.2181979728 152.603377670796 -13029.614820302 295.221582134443
28.4 44.0641889421869 39.5196740222866 39.5147867040063 68811.1437321351 -16434.3430326545 -13180.1769317863 152.796406237027 -13027.3805255493 295.595008985078
28.5 44.1048389379823 39.5458875070912 39.5042050255591 68901.8517252138 -17374.4460308715 -13178.6228305317 153.490983226241 -13025.1318473055 296.938715269955
28.6 44.1454889337776 39.5281533469868 39.4781330993706 68888.9339025965 -17285.5249649413 -13177.703305856 154.862490266874 -13022.8408155891 299.591988641911
28.7 44.1861389295729 39.4981922923049 39.4821490767418 68907.1134502803 -17482.7799273457 -13175.2482626115 154.719441756763 -13020.5288208548 299.315251598985
28.8 44.2267889253683 39.4925776836627 39.4751228922735 68948.4298445811 -17795.4894553621 -13171.9134987901 153.710473796694 -13018.2030249934 297.363334662146
28.9 44.2674389211636 39.4893956504418 39.4463792963417 68955.9951422643 -17709.6776641249 -13169.2150298307 153.361797640509 -13015.8532321902 296.688796994287
29 44.3080889169589 39.4828777872661 39.4315660885436 68982.0099301033 -17909.4672876749 -13166.0506649241 152.553857220047 -13013.496807704 295.125781464488
29.1 44.3487389127543 39.4874799114096 39.4008806951053 68999.6078052279 -18007.969142736 -13162.9380405473 151.837993079499 -13011.1000474678 293.740893741873
29.2 44.3893889085496 39.4875201998663 39.3816987082247 69029.3005163641 -18447.3819441972 -13164.6047648914 155.916805223697 -13008.6879596677 301.631632418949
29.3 44.4300389043449 39.4525380103858 39.3902453192049 69046.2865044586 -18507.0730893214 -13157.888363538 151.633962518108 -13006.2544010199 293.346182785555
29.4 44.4706889001403 39.4133531943531 39.4064791605574 69069.2716328383 -18677.9743520046 -13157.5115508383 153.716570015061 -13003.7949808233 297.375128209961
29.5 44.5113388959356 39.3779816669868 39.4253527759648 69103.4449696118 -18889.0137374483 -13154.6919184792 153.364188251539 -13001.3277302277 296.693421793432
29.6 44.551988891731 39.37517699487 39.4082891533001 69131.6936391421 -19254.4358799342 -13152.7758678323 153.956373840675 -12998.8194939917 297.839044971701
29.7 44.5926388875263 39.3774262111955 39.3653799464932 69123.3770331881 -18876.2917214767 -13148.2075092687 151.900153605473 -12996.3073556632 293.861147494473
29.8 44.6332888833216 39.4095263423887 39.3395518679432 69197.3580350722 -19597.027353369 -13145.1794199 151.419475808155 -12993.7599440918 292.931243700815
29.9 44.673938879117 39.3833805399185 39.3100677521294 69162.5552003423 -19315.1574553177 -13144.7513582497 153.553847895298 -12991.1975103544 297.060331235097
30 44.7145888749123 39.3689374620913 39.3244152504305 69225.3577983919 -19777.2034961153 -13140.3016930402 151.683501482015 -12988.6181915582 293.442019270469
30.1 44.7552388707076 39.326248874319 39.3367644609509 69234.895024447 -19962.9825662889 -13139.8623629881 153.85660168969 -12986.0057612984 297.646028980075
30.2 44.795888866503 39.3175813338198 39.3288559133175 69268.5768935671 -20323.0960989806 -13138.5858202703 155.222541951695 -12983.3632783186 300.288533041289
30.3 44.8365388622983 39.3091872723758 39.3130310506925 69288.7416485874 -20226.5068361882 -13133.8237169448 153.120082367938 -12980.7036345768 296.221182408793
30.4 44.8771888580936 39.3093614100046 39.2949245236693 69319.9262748978 -20401.4231741682 -13129.5746978973 151.550051106117 -12978.0246467912 293.183850469029
30.5 44.917838853889 39.3083924802545 39.2822849683117 69358.6894230544 -20764.7601800678 -13127.4608301746 152.136375437095 -12975.3244547376 294.318134645941
30.6 44.9584888496843 39.286048749494 39.2616184413206 69345.4953194875 -20796.3624318019 -13128.1815843521 155.573806928649 -12972.6077774235 300.968078958475
30.7 44.9991388454797 39.2943973836088 39.2545848092619 69410.5081399175 -21317.0007596529 -13124.558502983 154.69697678468 -12969.8615261983 299.271791587142
30.8 45.039788841275 39.2822503882578 39.2247857470072 69399.0116341352 -21106.0863348775 -13119.7856250361 152.691076726434 -12967.0945483096 295.391241904445
30.9 45.0804388370703 39.2754063840507 39.223811480351 69447.8196450342 -21453.4087150478 -13117.2995008063 152.998137931733 -12964.3013628745 295.985272627907
31 45.1210888328657 39.2466427236144 39.2244059070299 69460.5883378165 -21499.8334348903 -13114.9028128656 153.411316760672 -12961.4914961049 296.784595090132
31.1 45.161738828661 39.2196012419031 39.2365322296398 69496.7420320689 -21803.758270164 -13113.5812960017 154.92309304869 -12958.658202953 299.709228832806
31.2 45.2023888244563 39.198071057035 39.2383307705562 69524.2970439804 -21949.5069148358 -13108.5320397844 152.733983366601 -12955.7980564178 295.474247709346
31.3 45.2430388202517 39.1997861005431 39.212346737671 69543.7809709031 -22006.7170912158 -13105.1255229176 152.199890554467 -12952.9256323632 294.441008947455
31.4 45.283688816047 39.2085658458803 39.1808944017589 69566.0108398096 -22122.3712397368 -13101.8727502386 151.848437312694 -12950.0243129259 293.761098819212
31.5 45.3243388118423 39.199542766929 39.1706399649002 69594.2158400519 -22416.2146485944 -13099.3409936434 152.232505205255 -12947.1084884381 294.504104201004
31.6 45.3649888076377 39.1752139791365 39.1800412327274 69630.1088482874 -22882.9923304938 -13099.5457402628 155.373065238113 -12944.1726750247 300.579730545846
31.7 45.405638803433 39.1447321829928 39.1699519857672 69620.3424786677 -22173.045444282 -13090.7694191734 149.560696267768 -12941.2087229056 289.335308636154
31.8 45.4462887992284 39.1505929009245 39.187700941754 69724.6836551982 -23499.2820325436 -13091.7576270283 153.533277589873 -12938.2243494384 297.020536584382
31.9 45.4869387950237 39.1239273190479 39.1417761490991 69657.7885682643 -22532.575921208 -13087.218192404 152.000244805285 -12935.2179475987 294.05478070769
32 45.527588790819 39.1447578056256 39.1370551524908 69748.7461236829 -23534.5894511583 -13084.4433272865 152.254260610732 -12932.1890666758 294.546191508132
32.1 45.5682387866144 39.1364126139971 39.1018169657717 69733.2964898071 -23329.8423394598 -13083.4929463245 154.358459589319 -12929.1344867351 298.616907117876
32.2 45.6088887824097 39.145917153064 39.0888207309437 69789.2501783418 -23479.1098562916 -13076.6161914562 150.539010000191 -12926.077181456 291.22792289095
32.3 45.649538778205 39.1097589658417 39.0983060110324 69803.8657776039 -23711.7270204678 -13076.0653993444 153.071332500257 -12922.9940668441 296.126872484038
32.4 45.6901887740004 39.0571136909102 39.1284252117175 69825.7272473338 -23666.2553175965 -13072.0073850587 152.112081023387 -12919.8953040353 294.271135455219
32.5 45.7308387697957 39.0388492991522 39.1428913527501 69880.9945767659 -23862.9905723536 -13067.8251197622 151.051542537431 -12916.7735772248 292.219451839057
32.6 45.7714887655911 39.0443520239769 39.0925636148409 69863.0287943215 -23896.3134510154 -13066.3840693068 152.751934933332 -12913.6321343735 295.508976232481
32.7 45.8121387613864 39.0918315623827 39.0537673591246 69940.6269771919 -24482.8670205234 -13061.8102781878 151.348732809468 -12910.4615453783 292.794386572774
32.8 45.8527887571817 39.1129867931276 38.9905133374498 69927.1275668803 -24450.8891413722 -13062.5173002236 155.254264595276 -12907.2630356283 300.34990264641
32.9 45.8934387529771 39.1047165463714 38.9971026526191 69986.1469129362 -24852.7499477207 -13055.6114796932 151.549108959175 -12904.062370734 293.182027821884
33 45.9340887487724 39.0295030985053 39.0356795917475 69982.5675314715 -24604.3000048796 -13052.2910798731 151.438518645781 -12900.8525612274 292.968083361496
33.1 45.9747387445677 38.9947897288423 39.0649549130588 70034.6850989409 -24854.5924606417 -13050.1245921609 152.527194037803 -12897.5973981231 295.074199730409
33.2 46.0153887403631 38.9729726724187 39.0671858990137 70061.3912955577 -24979.2782720999 -13044.4841851964 150.145422008983 -12894.3387631874 290.466500232769
33.3 46.0560387361584 38.9734421528773 39.0323764146856 70061.6465432596 -24956.2016062013 -13043.1592907294 152.108374790958 -12891.0509159384 294.263965497266
33.4 46.0966887319537 38.9975705643375 39.0060822193197 70119.6297481791 -25287.481248821 -13038.4866489545 150.738793736184 -12887.7478552184 291.614418075557
33.5 46.1373387277491 38.9941910105574 38.9867375128542 70140.5793795625 -25291.5285050198 -13035.1388400587 150.70556939801 -12884.4332706607 291.550143340419
33.6 46.1779887235444 38.9958313049885 38.9657534848609 70167.5438925273 -25598.2270495891 -13033.8025161234 152.720920731894 -12881.0815953915 295.448977156728
33.7 46.2186387193398 38.9776971905294 38.9776697611826 70218.1202396317 -25527.9519019666 -13027.9743427542 150.235134414532 -12877.7392083396 290.640054964698
33.8 46.2592887151351 38.9438563538694 38.9942970193487 70248.8146896928 -25808.9320317449 -13026.852173567 152.471825359641 -12874.3803482074 294.967085267956
33.9 46.2999387109304 38.9112520244856 38.987688376279 70239.7742913258 -25508.0152787791 -13021.6915764615 150.711858181505 -12870.97971828 291.562309418532
34 46.3405887067258 38.91452001831 39.0049385829199 70338.4547627149 -26436.7020236971 -13018.699132937 151.133899572834 -12867.5652333642 292.378777108672
34.1 46.3812387025211 38.9127971395456 38.9469842822024 70292.4415500819 -25784.4538053598 -13015.304280845 151.166368751473 -12864.1379120935 292.441590936482
34.2 46.4218886983164 38.9597624653685 38.9164171503302 70383.6777668949 -26732.756695993 -13011.406578759 150.731539424259 -12860.6750393348 291.600384117224
34.3 46.4625386941118 38.9719396116807 38.8666290109443 70377.1752839969 -26297.8379135012 -13007.8697470463 150.673194853788 -12857.1965521926 291.487512589303
34.4 46.5031886899071 38.9774128102612 38.8442477746954 70408.0728885261 -26414.3630150331 -13002.1099713221 148.405536220311 -12853.7044351017 287.100573192982
34.5 46.5438386857024 38.9371775516554 38.8580059350204 70421.8089078046 -26122.4675626862 -12997.8695026774 147.646842716332 -12850.222659961 285.632829162551
34.6 46.5844886814978 38.8885028757072 38.9128543326633 70494.5666800825 -26791.4792710081 -12996.5359955015 149.799411781447 -12846.73658372 289.797119984658
34.7 46.6251386772931 38.8404113839013 38.922149842887 70485.6611854255 -26454.574156393 -12991.3178241017 148.122564507329 -12843.1952595943 286.553145225915
34.8 46.6657886730884 38.8610927523541 38.8981986866354 70541.2431311398 -26613.6933501756 -12990.3913581089 150.692999404884 -12839.698358704 291.525825836346
34.9 46.7064386688838 38.8751216580524 38.868410916519 70574.0922018595 -26897.5085944373 -12988.1812661669 152.00747221733 -12836.1737939496 294.068762626383
35 46.7470886646791 38.8938901797635 38.8151491593197 70572.7777905169 -26285.6105437334 -12981.6865689024 149.046378905529 -12832.6401899968 288.340326823058
35.1 46.7877386604745 38.919448419935 38.8116435694549 70674.1780740053 -26929.0753079939 -12979.9699667319 150.853865678344 -12829.1161010536 291.837032550691
35.2 46.8283886562698 38.8713233887687 38.8034871720683 70633.2674768244 -25681.3570781411 -12974.1507636811 148.529690146284 -12825.6210735348 287.340757381649
35.3 46.8690386520651 38.853900354566 38.8372616043714 70724.3994078127 -26287.8632222253 -12974.1648367366 152.036645670327 -12822.1281910663 294.125200649456
35.4 46.9096886478605 38.8223170986616 38.8289163623118 70713.0017634934 -24841.6361570575 -12974.5761433759 155.838354437853 -12818.737788938 301.479864053988
35.5 46.9503386436558 38.8232274907264 38.8136379625507 70748.0894864349 -23225.505644161 -12976.0275610916 160.438333819616 -12815.589227272 310.378836092468
35.6 46.9909886394511 38.8171321413577 38.7786816014933 70734.4641800144 -21078.1980117291 -12981.4491106018 168.600122070723 -12812.8489885311 326.168368914841
35.7 47.0316386352465 38.7531476048584 38.8137753639455 70742.9198336525 -19219.628762687 -12986.2281480298 175.571805230494 -12810.6563427993 339.655562737036
35.8 47.0722886310418 38.7327642306165 38.8162386566479 70771.313430887 -17428.1761048913 -12993.3100990317 184.227202343397 -12809.0828966883 356.400015374156
35.9 47.1129386268372 38.7447936471599 38.6865334190824 70617.6663554645 -14065.237470709 -12995.392629104 187.041107356917 -12808.3515217471 361.843705433622
36 47.1535886226325 38.780402581792 38.6151998907971 70613.1118431164 -12920.638048408 -12998.1916862349 190.030625951396 -12808.1610602835 367.627131873804
36.1 47.1942386184278 38.7797475246978 38.49546593152 70453.6571779193 -10561.9655294379 -13003.0290332752 194.577308858015 -12808.4517244171 376.422998267085
36.2 47.2348886142232 38.8329692866377 38.3647722467122 70371.3883409485 -9544.44530823336 -13006.0941019854 197.169052542851 -12808.9250494426 381.436902171458
36.3 47.2755386100185 38.8323373670475 38.250070484725 70220.2315648711 -8569.52959873581 -13009.2578789722 199.749857274135 -12809.508021698 386.429643928415
36.4 47.3161886058138 38.7829384734223 38.2265740440859 70148.0887505884 -8280.78260710228 -13010.646099662 200.436245828312 -12810.2098538337 387.757509130457
36.5 47.3568386016092 38.6689050547048 38.2952656528841 70127.711048522 -8731.06377330022 -13017.4862730398 206.282880070642 -12811.2033929692 399.06821953233
36.6 47.3974885974045 38.5361247001527 38.337339592544 70023.7461854428 -7930.49967472474 -13023.1123843285 210.777231045176 -12812.3351532833 407.762846254367
36.7 47.4381385931998 38.461872692313 38.3020405158882 69884.3575357632 -7072.30494413095 -13029.3474145952 215.588924112702 -12813.7584904825 417.071392774252
36.8 47.4787885889952 38.4547410711808 38.240513499224 69818.9376435096 -6629.82755760455 -13032.4027621359 217.015566412132 -12815.3871957238 419.83132904307
36.9 47.5194385847905 38.394378706726 38.1973129056878 69690.2075124924 -5894.91752674316 -13038.0893492665 220.826789170932 -12817.2625600955 427.204397908866
37 47.5600885805859 38.2340828801613 38.240621795289 69537.3726171516 -4928.90796040251 -13044.5562587163 225.1179709435 -12819.4382877728 435.505980032799
37.1 47.6007385763812 38.1002815857881 38.2995029583007 69460.0376786037 -4355.77399667665 -13045.2881660189 223.641140434286 -12821.6470255846 432.648951268895
37.2 47.6413885721765 38.0750674485186 38.2691221234236 69418.2389916749 -3900.50208781612 -13046.3709056293 222.436470701046 -12823.9344349283 430.318435981325
37.3 47.6820385679719 38.0982859860947 38.2086337217504 69409.9546282949 -3849.08824477335 -13046.9951994942 220.705982512674 -12826.2892169815 426.97068923657
37.4 47.7226885637672 38.0400307973388 38.1690083403459 69290.9697230563 -2883.93818221557 -13050.129489781 221.446614503232 -12828.6828752777 428.403492044537
37.5 47.7633385595625 38.0451714021243 38.1693738152116 69360.0273526509 -3784.19502657953 -13052.1916230792 221.07437400389 -12831.1172490753 427.683367556942
37.6 47.8039885553579 38.0512176762681 38.1400141606931 69376.684778627 -4259.73442689682 -13053.9594090375 220.480512260358 -12833.4788967771 426.534501744334
37.7 47.8446385511532 37.9954762753947 38.1133063709843 69285.4108673635 -4039.76569177576 -13061.0284076227 225.21554809464 -12835.8128595281 435.694749648384
37.8 47.8852885469486 37.9529502276273 38.1371428247064 69309.9846887857 -4530.22314567089 -13059.288241189 221.107435498815 -12838.1808056902 427.747327260773
37.9 47.9259385427439 37.9196563486255 38.1484357661724 69328.4920804839 -5094.44070184667 -13064.1968657422 223.680558256147 -12840.516307486 432.725207718206
38 47.9665885385392 37.8957089900087 38.1447807159522 69336.8314029439 -4920.07594178271 -13063.6872367825 220.878194629283 -12842.8090421532 427.303845253848
38.1 48.0072385343346 37.8619236308808 38.1195457445324 69287.8550585042 -4789.44905652969 -13066.3550038181 221.212819238146 -12845.14218458 427.951199250577
38.2 48.0478885301299 37.8333571506869 38.1082107558085 69273.5981404379 -4382.40112415841 -13066.8754534489 219.476619943191 -12847.3988335057 424.592403982867
38.3 48.0885385259252 37.8156986267008 38.1045850626519 69293.2519633716 -4887.81053942284 -13068.2081955078 218.519881852088 -12849.6883136557 422.741529269248
38.4 48.1291885217206 37.705972067127 38.1297989450065 69196.3514973289 -3867.52663564497 -13069.4415686895 217.449656890327 -12851.9919117992 420.671106508799
38.5 48.1698385175159 37.6552137011154 38.192264589106 69274.869678295 -4930.62030021699 -13072.1722985905 218.001945071154 -12854.1703535194 421.739545445254
38.6 48.2104885133112 37.6100569007996 38.1357454534074 69147.7037653585 -3938.08993186347 -13075.8991794443 219.532037797134 -12856.3671416471 424.699613579203
38.7 48.2511385091066 37.6672051148043 38.1160548118027 69275.3781286061 -5300.52238366019 -13071.7007045867 213.186539222182 -12858.5141653645 412.423816297898
38.8 48.2917885049019 37.6292054722072 38.0614130569589 69164.5007053977 -4110.6583981121 -13074.4555997493 213.842574832002 -12860.6130249173 413.692961670848
38.9 48.3324385006973 37.6203285449975 38.0858259594958 69250.7800153338 -5214.71690497705 -13076.5935483327 213.906682539741 -12862.6868657929 413.816982378611
39 48.3730884964926 37.6025149880348 38.0385626184044 69190.2353043258 -4657.38778398005 -13078.0016791108 213.236094996343 -12864.7655841145 412.519685303387
39.1 48.4137384922879 37.6077600903216 38.0068431126746 69200.2854431754 -4712.53212482079 -13078.4196525512 211.681227504665 -12866.7384250465 409.511688705219
39.2 48.4543884880833 37.6482031528573 37.9424687194845 69215.4353843836 -5031.47350114319 -13082.0662362188 213.342577992387 -12868.7236582264 412.725683879842
39.3 48.4950384838786 37.6784550867351 37.8337741761981 69130.5580800513 -4198.33470318005 -13082.1137188675 211.445460335118 -12870.6682585324 409.055581128367
39.4 48.5356884796739 37.7369694484042 37.798582989546 69231.4988054118 -5604.68826756258 -13083.149375346 210.580979522957 -12872.568395823 407.383184376824
39.5 48.5763384754693 37.7059644214047 37.7390618422571 69123.5332847794 -4624.82702489079 -13085.8729858629 211.427062523685 -12874.4459233392 409.019989314594
39.6 48.6169884712646 37.7073805268823 37.7469049931588 69198.3541582512 -5980.56318335342 -13087.4674582267 211.200443156515 -12876.2670150702 408.581578781751
39.7 48.6576384670599 37.6691814615214 37.7026826819641 69104.9987366115 -4742.69808637328 -13086.5313569396 208.482397909729 -12878.0489590299 403.323335941281
39.8 48.6982884628553 37.7235503085105 37.6861409329855 69232.1669121133 -6280.58751860486 -13087.5419247605 207.728785390939 -12879.8131393695 401.86542142124
39.9 48.7389384586506 37.7649263118021 37.5579049438489 69129.9218655827 -5402.08141077321 -13091.3667940963 209.773736988665 -12881.5930571076 405.821518955146
40 48.779588454446 37.8510461954573 37.4697076921441 69182.5116406625 -5952.75211853637 -13088.923298316 205.688678719262 -12883.2346195968 397.918696725311
