# Fix print output for fix def1
0.00099999999999977 0.062300151509239 -0.00231508030814959 0.0176458095622476
0.00199999999999971 0.108174728869055 -0.0191399810326554 -0.0314950110334941
0.00299999999999966 0.190580750933452 0.0184412174834751 0.0571545446422065
0.00399999999999978 0.220162702287945 -0.0175245588188994 -0.0100612034602411
0.00499999999999972 0.344278402081693 0.0308109247139807 0.0490591802810657
0.00599999999999967 0.357010367061382 -0.0165862956881826 -0.010649637193563
0.00699999999999979 0.452837616723886 0.0224412549354968 -0.00976318418359143
0.00799999999999973 0.493444912293482 -0.0218961142013002 0.00508025530004569
0.00899999999999968 0.561749025719668 0.00377454378106898 -0.0103329371653228
0.0099999999999998 0.63175002865242 0.0248880458954799 -0.0257986654416563
0.0109999999999997 0.705545033775773 -0.0290337461203327 -0.00432050317383786
0.0119999999999997 0.788679758684518 -0.00413711632951768 -0.00236955659486317
0.0129999999999998 0.838502716113013 -0.0188661266661313 -0.0180600446035447
0.0139999999999997 0.889357397061731 -0.0124730996831639 -0.0165849945723969
0.0149999999999997 0.967750099775769 0.00580824635758733 0.00248212529907528
0.0159999999999998 1.03057650685394 -0.0140804986134294 -0.0269887267257429
0.0169999999999998 1.11191002863548 0.0341608611186924 0.0278473916672846
0.0179999999999997 1.14068337940629 -0.000173231418332362 0.025925340441836
0.0189999999999998 1.21111104182112 0.0343321668886365 -0.0135931170010655
0.0199999999999998 1.27332740944337 0.024546537726868 -0.031482926207078
0.0209999999999997 1.33305706973236 0.0150701678531957 0.00419387828103101
0.0219999999999998 1.38920552653126 0.0218978705674826 0.0202462562948109
0.0229999999999998 1.43938978115073 -0.022402975605845 -0.00744134179209362
0.0239999999999997 1.54333073753036 0.00877995258116274 0.013325124930511
0.0249999999999997 1.59309801363814 0.0150099806095183 -0.0128293855999777
0.0259999999999998 1.65333181855406 0.038841789701681 -0.0112059178245732
0.0269999999999997 1.71165276786171 -0.014230146960128 0.00278378403912965
0.0279999999999997 1.78394938687594 -0.00452523794963124 0.0130653729540339
0.0289999999999998 1.84817553457387 0.007389765975328 0.0194095156357701
0.0299999999999997 1.89755416298948 -0.000160708840446769 -0.0190060922239918
0.0309999999999997 1.96590440769377 -0.00515820860918529 0.0141579005880597
0.0319999999999998 2.01806175280005 -0.0275059364930621 -0.00753668786309488
0.0329999999999997 2.07670382745158 0.00549562096595345 0.00955915776518889
0.0339999999999997 2.15153595667834 0.00749318504697719 -0.0258263925105327
0.0349999999999998 2.25248879453756 0.0158235110329756 0.0252809284199512
0.0359999999999998 2.27146369606499 -0.0371439887684591 0.00167238108999877
0.0369999999999997 2.34275725937681 0.0246956643748094 0.0105441852638809
0.0379999999999998 2.41205012619433 0.0163297370362647 -0.0258273529487053
0.0389999999999998 2.45983174087287 -0.00928564595370281 -0.00198354024124468
0.0399999999999997 2.52447304698399 0.00225678165424528 0.0152919438557676
0.0409999999999998 2.58170289100833 -0.00946693470784322 -0.00805749262903237
0.0419999999999998 2.64547560294489 0.0278529079184301 -0.024395905264363
0.0429999999999997 2.72517591867324 -0.0128215884307666 -0.0257790590189302
0.0439999999999997 2.7722990634586 0.0169290334016777 0.0219356679104562
0.0449999999999998 2.82828684193892 -0.0247476936922659 0.0274190903619396
0.0459999999999997 2.87672296415022 -0.0181956459575526 -0.00663557816224029
0.0469999999999998 2.94392073316042 0.00489182589288741 -0.00859305071002157
0.0479999999999998 2.99628645003443 0.0297530641425853 -0.000997471264547803
0.0489999999999997 3.02749339528114 -0.0121250649185143 -0.00972364463901321
0.0499999999999997 3.14407823376245 0.0168704427411832 0.0142758256306734
0.0509999999999998 3.1319609589409 -0.0231901686950736 -0.0306960229101474
0.0519999999999997 3.2308988285458 0.0109914541003823 0.033703290435719
0.0529999999999997 3.30052727897752 -0.00199812477788365 0.0200949326510007
0.0539999999999998 3.3549744320278 0.0186652673536493 -0.0236054527616952
0.0549999999999998 3.41374459678032 -0.00986706435736571 0.0268461074337402
0.0559999999999997 3.44966493041818 -0.0403743743414303 0.0179536157378452
0.0569999999999998 3.53048525639291 0.0183203269071177 -0.00394044658683041
0.0579999999999998 3.57791871424805 0.00693118680249815 -0.00856045022605582
0.0589999999999997 3.64188115555073 -0.0188585602533227 -0.00432056741759417
0.0599999999999998 3.70875520779262 -0.0125533297862182 0.052564020828526
0.0609999999999998 3.72711336344457 -0.0319225546491052 -0.0255959634591513
0.0619999999999997 3.83907999396506 0.0172364177286016 0.0230652963386257
0.0629999999999997 3.83983117650359 -0.0378049247801807 -0.0279117922826147
0.0639999999999998 3.95354387542538 -0.028020475923172 0.0159135145422497
0.0649999999999997 4.00904873147724 0.0340757334572095 0.0218854490352756
0.0659999999999998 4.01181947718015 0.0302798646548548 -0.0638536257169131
0.0669999999999998 4.10715722563714 0.0660114113895211 0.0168700727476605
0.0679999999999997 4.15224249486833 -0.0510437866300374 -0.0311181970722158
0.0689999999999997 4.25310499220616 0.0364592909893014 0.0653877464975515
0.0699999999999998 4.26074504073938 -0.0350632294193536 -0.0302930355428947
0.0709999999999997 4.35398851626581 0.005987076923429 0.0477426664857215
0.0719999999999997 4.41425507898584 0.0362027223847702 -0.00612717190868058
0.0729999999999998 4.42573634983427 -0.0379906807905603 -0.0424439219792995
0.0739999999999997 4.53207711877139 0.032494234973856 0.0726907283188595
0.0749999999999997 4.54079704224562 -0.0396141542626106 -0.0467199635043786
0.0759999999999998 4.63526334234167 0.0544263325572055 0.0258446070035268
0.0769999999999997 4.6893389816587 -0.0143544749453528 -0.0316662312698599
0.0779999999999999 4.71313187081714 -0.0210472790483552 0.023230433375723
0.0789999999999998 4.80756090341856 -0.012796176546336 -0.00948284517189891
0.0799999999999998 4.86498897214812 0.0126146747210709 0.0153242294445058
0.0809999999999997 4.91926455503651 0.0346283999957132 -0.00145599038116314
0.0819999999999997 4.9471872507214 -0.0341379450626516 -0.0223637423820526
0.0829999999999998 5.05181897962079 0.004205286022997 0.0558985926674132
0.0839999999999997 5.02359410616032 -0.0469710671766981 -0.0463656116864418
0.0849999999999998 5.14193143444426 0.0481102543707277 0.0222440805035064
0.0859999999999998 5.20964143385553 -0.011634096666959 -0.0123975977751537
0.0869999999999997 5.25293418111504 -0.0188081800906294 0.0106597266367151
0.0879999999999997 5.31455939228566 0.00454607446708628 0.0194923014106834
0.0889999999999998 5.32692823818701 0.0176974249203702 -0.0317711508607318
0.0899999999999997 5.36545230682282 -0.0195681129315903 0.0269067002994398
0.0909999999999999 5.44562642417029 -0.0205354997385852 -0.0227496993995626
0.0919999999999998 5.49928431512553 0.056016407375468 -0.0211368188625692
0.0929999999999997 5.56371884287891 -0.00317801974695204 -0.0084696934254374
0.0939999999999997 5.62018939075188 0.0160595715475431 -0.0329078760061549
0.0949999999999998 5.67952263439264 -0.0290248077362011 0.0161545438554779
0.0959999999999998 5.72789195347713 0.0232283921129383 0.0251577146423272
0.0969999999999999 5.7636358510062 -0.0666801719569052 -0.0341197841880187
0.0979999999999998 5.82854417911928 0.0513216633050417 -0.000811180204209835
0.0989999999999998 5.86882074766244 -0.0203014754418011 -0.0540247612598657
0.0999999999999997 5.92345499980393 0.0187033218052059 -0.00905121060225637
0.101 5.99566142171371 -0.0332617586811491 0.0264407118062359
0.102 6.06116283225282 0.0301257256579258 0.00558494575048813
0.103 6.08534370036779 -0.00471654132922102 -0.0127301213466672
0.104 6.14010073448786 -0.00291816279006401 -0.016811058097263
0.105 6.20879047580054 0.00720548705343747 0.0133757162518381
0.106 6.24852457301586 -0.00140670985127314 -0.00826554328703168
0.107 6.32597703181905 0.0526515662196864 0.0164138602073703
0.108 6.36894843141934 -0.0132160614251118 -0.0239636159741094
0.109 6.44026005317263 -0.001441612162461 -0.00285386096485413
0.11 6.45657429412188 0.0179895193046892 -0.0246718906174018
0.111 6.52182039992887 0.00639497120435666 0.0128532338810471
0.112 6.59254416422193 -0.0223029652461658 0.0145516591793533
0.113 6.60044597308993 0.00554218818486712 -0.00403235120679243
0.114 6.67069640716088 -0.00035575952640378 -0.0336888512194794
0.115 6.72306184298437 0.0204901798503471 -0.0187479409415454
0.116 6.8007977185689 0.0338454362337808 0.0301930309252104
0.117 6.77522717690232 -0.0532991990813259 -0.0700738961356165
0.118 6.92319208769214 0.0456840464908134 0.0808454184727047
0.119 6.86760891822721 -0.056039668630613 -0.0518568822849176
0.12 7.00088910414636 0.0430094227690836 0.0164152693531698
0.121 7.02018227293654 -0.013813379176277 -0.00747862682598125
0.122 7.0435414863731 0.0212115235611157 -0.0210828314153419
0.123 7.11817271817669 0.0208067550301633 -0.0255247109499058
0.124 7.10395235427619 -0.0295498764891917 0.0254109513300804
0.125 7.14813457436044 -0.0446627234546977 0.0553616861588294
0.126 7.22891300101416 -0.0500289039645143 -0.0100537286547376
0.127 7.3020429514588 0.00581727877241387 0.0369347041413741
0.128 7.34539245471999 0.0359075706325206 -0.0460983119013247
0.129 7.38347530690665 0.0873465156816514 -0.01506287746593
0.13 7.40052643393811 -0.0420307436734956 0.0227289900488095
0.131 7.44192542291744 0.0122350213509045 0.00215136662322112
0.132 7.4886676756748 -0.015169830549153 0.0202194370035856
0.133 7.53432849896588 -0.023353046904403 -0.0241810501700466
0.134 7.57422191418437 0.0281763422334934 -0.0162207798701151
0.135 7.60513532102152 -0.0183507160714065 0.000607096700761
0.136 7.68797665246368 0.0279052903657197 -0.0364814289043946
0.137 7.66023640373433 -0.00191447928707643 -3.70993091107206e-06
0.138 7.70114091641359 0.0161547519529257 0.025315903550537
0.139 7.75696403257504 -0.027394040076607 -0.0772325941551718
0.14 7.82764100519037 0.0290995714440881 0.0742004602061969
0.141 7.83583386689314 -0.0537591655774053 -0.0468063540648572
0.142 7.92942864490552 0.0529480873054579 0.03738005043099
0.143 7.92092925765535 -0.0161547499332953 -0.0154921568683223
0.144 7.94715972327818 0.00623008526233527 -0.0291501724650627
0.145 7.92913073688252 -0.00856337661915404 -0.0838955346039495
0.146 7.98660826600667 0.0370297321833704 0.0137356483499099
0.147 7.99912168675544 -0.0637207113916457 0.000902079119539604
0.148 7.9623336850069 0.0292255042498676 -0.00752073218323544
0.149 8.04791042295657 -0.0144834514098443 0.0357553783024891
0.15 7.96226502363334 -0.0441527480663668 -0.0324976836048857
0.151 7.98552010921189 0.0592136147881551 0.0339186796701308
0.152 7.8212602450637 -0.0474148257517734 -0.0695051744036451
0.153 7.81842534274697 0.0240032256145689 0.0438619997027088
0.154 7.47616721989633 -0.0343579687616871 0.0106170163392208
0.155 6.95192425191873 -0.00999462598643955 0.0256617413273123
0.156 6.33436965857255 0.0471084440766474 -0.0580734003363831
0.157 5.77492597540695 -0.0404719000566024 0.0313847186361431
0.158 5.11339418274876 -0.0149051075209311 0.129918605524263
0.159 4.31215121810617 -0.0248967332211864 -0.0677196506717839
0.16 3.79011015933659 0.0118618425242207 0.0741859972183519
0.161 3.22693159389254 -0.0814179287598959 0.0230487017981249
0.162 2.81247110777133 0.0413377503905825 0.00950009288303339
0.163 2.60284184566923 0.0396487737941266 -0.0716538452500031
0.164 2.56094293625174 0.0565478584974002 -0.133277354841667
0.165 2.57797428351431 0.025166616694294 0.0161557483554384
0.166 2.32834879537596 -0.00460406445464102 0.055384767123011
0.167 2.17034434053468 -0.0590603796869822 0.0103893416590883
0.168 1.92424255243322 0.0393662182603929 0.0253224679210796
0.169 1.69694647454962 0.115671428407312 -0.0441577730371325
0.17 1.54674583587036 0.000842654781109835 -0.0689287407562503
0.171 1.32673676689054 -0.0700234250914399 0.0500076980903243
0.172 1.21859463718747 -0.0840002220599305 0.0355462269969385
0.173 1.09958389373806 0.0830765554159641 -0.0279438199374779
0.174 1.01756868170357 -0.0839637894435243 -0.0684308071137265
0.175 1.13976445046195 -0.0187067643677882 0.0141911601051605
0.176 1.22365719276485 0.0536591213478184 0.000593147286920471
0.177 1.23648503720034 0.000921304632098771 -0.0254869310686773
0.178 1.35673187375099 -0.0169514032160929 0.0192749360955381
0.179 1.48666139838226 0.0136923523983977 0.0279654968199086
0.18 1.45626251024517 -0.0176803843377963 0.0374281479597856
0.181 1.42088850649574 0.0528409408117648 -0.0369068966036085
0.182 1.37926226811381 -0.0299093807170745 -0.0346436729947036
0.183 1.35044023935249 0.109990680205614 0.00589984714481601
0.184 1.31731963988175 -0.0741096082272093 -0.0829618404373269
0.185 1.33683011227031 0.0188417490193252 0.123501746192424
0.186 1.33039164277762 -0.0848938970210412 -0.0640807276391878
0.187 1.47285121474267 0.114309161469951 0.00298294245144536
0.188 1.3540879184487 -0.0388777657726185 -0.0820230136929463
0.189 1.48230043638614 0.0275677200738015 0.0545337576313879
0.19 1.43084571827252 -0.00128536225981802 -0.0323557621324218
0.191 1.43528596540073 -0.0494525393723141 0.0279143410598277
0.192 1.45126008952478 -0.000379990985131091 0.0585492886988581
0.193 1.39143338243948 -0.0816283631982223 -0.0503151657089572
0.194 1.5006383317546 0.119244901396363 0.0615091649864851
0.195 1.51822188217452 -0.0605979067876148 -0.0701874783640768
0.196 1.66227260394706 0.0483272451756343 0.0835541044706604
0.197 1.57332128216127 -0.0898985912119803 -0.0606251514986796
0.198 1.75850544925303 0.0188280595696913 0.106827019077135
0.199 1.67184950732282 -0.058381803585943 0.00714320302783261
0.2 1.78112804798056 0.0508204168505505 -0.0461377111504925
